
Résumé des données
==========================================================================================================
                               enfant_mort exports sante  imports revenu inflation esper_vie  fert  pib_h 
----------------------------------------------------------------------------------------------------------
Afghanistan                       1.288    -1.135  0.278  -0.082  -0.806   0.157    -1.614   1.897  -0.677
Albania                          -0.537    -0.478  -0.097  0.071  -0.374  -0.311     0.646   -0.857 -0.484
Algeria                          -0.272    -0.099  -0.963 -0.640  -0.220   0.787     0.668   -0.038 -0.464
Angola                            2.002     0.773  -1.444 -0.165  -0.583   1.383    -1.176   2.122  -0.515
Antigua and Barbuda              -0.694     0.160  -0.286  0.496  0.101   -0.600     0.702   -0.540 -0.042
Argentina                        -0.589    -0.810  0.468  -1.276  0.081    1.241     0.590   -0.382 -0.145
Armenia                          -0.500    -0.741  -0.879 -0.066  -0.542  -0.001     0.309   -0.831 -0.532
Australia                        -0.830    -0.777  0.697  -1.074  1.258   -0.626     1.287   -0.672 2.124 
Austria                          -0.842     0.372  1.523   0.038  1.352   -0.654     1.118   -0.996 1.852 
Azerbaijan                        0.023     0.481  -0.341 -1.082  -0.059   0.569    -0.164   -0.679 -0.389
Bahamas                          -0.607    -0.223  0.391  -0.132  0.299   -0.773     0.365   -0.719 0.820 
Bahrain                          -0.736     1.036  -0.672  0.166  1.243   -0.032     0.612   -0.521 0.422 
Bangladesh                        0.276    -0.916  -1.200 -1.036  -0.763  -0.061    -0.018   -0.408 -0.666
Barbados                         -0.597    -0.059  0.420   0.075  -0.096  -0.706     0.691   -0.772 0.166 
Belarus                          -0.813     0.375  -0.439  0.727  -0.049   0.692    -0.018   -0.963 -0.378
Belgium                          -0.837     1.287  1.414   1.149  1.243   -0.558     1.062   -0.719 1.715 
Belize                           -0.483     0.623  -0.588  0.438  -0.481  -0.628     0.095   -0.157 -0.471
Benin                             1.803    -0.631  -0.989 -0.400  -0.795  -0.652    -0.985   1.593  -0.666
Bhutan                            0.110     0.051  -0.588  0.983  -0.556  -0.170     0.174   -0.375 -0.588
Bolivia                           0.207     0.003  -0.719 -0.520  -0.609   0.094     0.117   0.166  -0.599
Bosnia and Herzegovina           -0.778    -0.416  1.560   0.182  -0.385  -0.604     0.702   -1.082 -0.456
Botswana                          0.353     0.091  0.540   0.182  -0.199   0.108    -1.513   -0.045 -0.361
Brazil                           -0.458    -1.109  0.799  -1.449  -0.137   0.059     0.410   -0.758 -0.096
Brunei                           -0.689     0.959  -1.447 -0.780  3.292    0.844     0.736   -0.732 1.219 
Bulgaria                         -0.681     0.332  0.020   0.252  -0.096  -0.631     0.376   -0.910 -0.334
Burkina Faso                      1.927    -0.799  -0.028 -0.714  -0.815  -0.092    -1.423   1.930  -0.676
Burundi                           1.372    -1.174  1.742  -0.318  -0.850   0.427    -1.446   2.188  -0.695
Cambodia                          0.152     0.474  -0.413  0.521  -0.759  -0.441    -0.501   -0.045 -0.664
Cameroon                          1.729    -0.690  -0.614 -0.822  -0.751  -0.555    -1.491   1.428  -0.636
Canada                           -0.810    -0.438  1.633  -0.656  1.222   -0.465     1.208   -0.871 1.879 
Cape Verde                       -0.292    -0.307  -0.992  0.616  -0.587  -0.688     0.219   -0.184 -0.527
Central African Republic          2.746    -1.069  -1.032 -0.842  -0.843  -0.546    -2.593   1.494  -0.683
Chad                              2.770    -0.157  -0.832 -0.140  -0.789  -0.132    -1.581   2.406  -0.658
Chile                            -0.733    -0.124  0.417  -0.644  0.117    0.111     0.961   -0.705 -0.004
China                            -0.560    -0.540  -0.636 -1.003  -0.395  -0.080     0.455   -0.897 -0.459
Colombia                         -0.488    -0.920  0.282  -1.202  -0.324  -0.371     0.657   -0.620 -0.366
Comoros                           1.238    -0.898  -0.839  0.199  -0.816  -0.370    -0.524   1.190  -0.665
Congo Dem. Rep.                   1.927    -0.0003 0.398   0.112  -0.858   1.232    -1.468   2.373  -0.689
Congo Rep.                        0.636     1.605  -1.586  0.323  -0.620   1.222    -1.142   1.322  -0.558
Costa Rica                       -0.696    -0.289  1.487  -0.491  -0.215  -0.115     1.107   -0.679 -0.260
Cote d'Ivoire                     1.803     0.346  -0.552 -0.148  -0.750  -0.226    -1.603   1.534  -0.641
Croatia                          -0.813    -0.128  0.344  -0.363  0.153   -0.659     0.646   -0.923 0.029 
Cyprus                           -0.860     0.332  -0.308  0.438  0.869   -0.546     1.051   -1.009 0.973 
Czech Republic                   -0.865     0.908  0.387   0.661  0.579   -0.871     0.781   -0.950 0.373 
Denmark                          -0.847     0.343  1.669  -0.136  1.393   -0.432     1.006   -0.712 2.457 
Dominican Republic               -0.096    -0.672  -0.217 -0.561  -0.314  -0.222     0.455   -0.230 -0.410
Ecuador                          -0.327    -0.482  0.453  -0.599  -0.404  -0.029     0.691   -0.190 -0.453
Egypt                            -0.227    -0.723  -0.785 -0.838  -0.378   0.219    -0.006   0.160  -0.565
El Salvador                      -0.473    -0.518  0.034  -0.012  -0.511  -0.485     0.399   -0.448 -0.544
Equatorial Guinea                 1.803     1.630  -0.850  0.496  0.859    1.619    -1.086   1.494  0.226 
Eritrea                           0.420    -1.325  -1.513 -0.974  -0.816   0.361    -0.996   1.098  -0.681
Estonia                          -0.837     1.240  -0.286  0.901  0.288   -0.572     0.612   -0.811 0.089 
Fiji                             -0.351     0.609  -0.712  0.703  -0.508  -0.336    -0.591   -0.184 -0.508
Finland                          -0.875    -0.088  0.777  -0.392  1.175   -0.703     1.062   -0.712 1.813 
France                           -0.845    -0.522  1.851  -0.776  1.025   -0.637     1.219   -0.606 1.508 
Gabon                             0.631     0.605  -1.207 -1.156  -0.091   0.834    -0.861   0.748  -0.230
Gambia                            1.042    -0.631  -0.410 -0.173  -0.803  -0.329    -0.568   1.825  -0.677
Georgia                          -0.540    -0.223  1.196   0.244  -0.540   0.073     0.252   -0.679 -0.546
Germany                          -0.845     0.043  1.742  -0.404  1.206   -0.664     1.073   -1.029 1.573 
Ghana                             0.903    -0.423  -0.581 -0.041  -0.731   0.834    -0.940   0.873  -0.636
Greece                           -0.852    -0.693  1.268  -0.669  0.599   -0.673     1.107   -0.970 0.760 
Grenada                          -0.587    -0.631  -0.348  0.095  -0.308  -0.691     0.084   -0.468 -0.305
Guatemala                        -0.071    -0.558  0.012  -0.437  -0.541  -0.250     0.084   0.285  -0.553
Guinea                            1.754    -0.394  -0.686 -0.152  -0.828   0.787    -1.412   1.580  -0.672
Guinea-Bissau                     1.878    -0.956  0.613  -0.483  -0.817  -0.455    -1.682   1.389  -0.677
Guyana                           -0.017     0.375  -0.523  1.330  -0.586  -0.194    -0.568   -0.197 -0.541
Haiti                             4.209    -0.942  0.034   0.736  -0.812  -0.221    -4.324   0.252  -0.671
Hungary                          -0.800     1.484  0.187   1.223  0.267   -0.516     0.444   -1.122 0.007 
Iceland                          -0.884     0.448  0.941  -0.148  1.123   -0.219     1.287   -0.494 1.579 
India                             0.509    -0.675  -1.007 -0.817  -0.661   0.113    -0.490   -0.230 -0.634
Indonesia                        -0.123    -0.613  -1.531 -1.012  -0.452   0.711    -0.074   -0.309 -0.538
Iran                             -0.470    -0.610  -0.443 -1.136  0.013    0.768     0.444   -0.785 -0.351
Iraq                             -0.034    -0.062  0.580  -0.528  -0.231   0.834    -0.377   1.065  -0.462
Ireland                          -0.845     2.258  0.864   1.636  1.481   -1.041     1.107   -0.593 1.950 
Israel                           -0.835    -0.223  0.296  -0.578  0.646   -0.569     1.219   0.054  0.962 
Italy                            -0.850    -0.580  0.988  -0.813  0.988   -0.706     1.253   -0.983 1.246 
Jamaica                          -0.500    -0.358  -0.730  0.112  -0.474   0.192     0.466   -0.514 -0.452
Japan                            -0.870    -0.952  0.974  -1.375  0.968   -0.916     1.377   -1.029 1.721 
Jordan                           -0.426     0.262  0.446   0.913  -0.398   0.061     0.590   0.470  -0.507
Kazakhstan                       -0.416     0.113  -0.919 -0.702  0.153    1.109    -0.242   -0.230 -0.212
Kenya                             0.593    -0.745  -0.752 -0.549  -0.761  -0.538    -0.872   0.939  -0.655
Kiribati                          0.606    -1.014  1.633   1.364  -0.800  -0.592    -1.108   0.589  -0.626
Kuwait                           -0.681     0.934  -1.524 -0.681  3.011    0.323     0.860   -0.487 1.393 
Kyrgyz Republic                  -0.215     0.383  -0.231  1.438  -0.745   0.210    -0.231   0.100  -0.659
Lao                               1.007    -0.208  -0.854  0.100  -0.683   0.134    -0.760   0.133  -0.645
Latvia                           -0.756     0.459  -0.049  0.339  0.060   -0.813     0.286   -1.049 -0.091
Lebanon                          -0.694    -0.194  0.078   0.550  -0.044  -0.714     1.039   -0.884 -0.224
Lesotho                           1.523    -0.062  1.560   2.235  -0.766  -0.344    -2.705   0.233  -0.643
Liberia                           1.265    -0.803  1.815   1.888  -0.853  -0.219    -1.097   1.369  -0.689
Libya                            -0.537     0.893  -1.069 -0.198  0.646    0.607     0.623   -0.355 -0.047
Lithuania                        -0.798     0.882  0.082   0.839  0.205   -0.511     0.297   -0.956 -0.053
Luxembourg                       -0.880     4.884  0.347   3.929  3.867   -0.394     1.208   -0.871 5.021 
Macedonia FYR                    -0.691    -0.048  0.100   0.463  -0.298  -0.543     0.387   -0.976 -0.460
Madagascar                        0.593    -0.588  -1.109 -0.161  -0.817   0.095    -1.097   1.091  -0.685
Malawi                            1.295    -0.668  -0.082 -0.495  -0.836   0.409    -1.963   1.560  -0.682
Malaysia                         -0.753     1.670  -0.883  0.996  0.205   -0.048     0.444   -0.527 -0.212
Maldives                         -0.622     1.331  -0.177  0.765  -0.345  -0.464     0.826   -0.474 -0.320
Mali                              2.448    -0.668  -0.668 -0.487  -0.792  -0.323    -1.243   2.379  -0.669
Malta                            -0.780     4.082  0.668   4.424  0.579   -0.374     1.096   -1.049 0.444 
Mauritania                        1.466     0.350  -0.876  0.591  -0.717   1.052    -0.265   1.342  -0.642
Mauritius                        -0.577     0.368  -0.297  0.632  -0.065  -0.629     0.320   -0.910 -0.271
Micronesia Fed. Sts.              0.043    -0.642  2.688   1.409  -0.716  -0.377    -0.580   0.338  -0.551
Moldova                          -0.522    -0.070  1.778   1.306  -0.687   0.314    -0.096   -1.108 -0.618
Mongolia                         -0.302     0.204  -0.501  0.405  -0.489   2.972    -0.490   -0.203 -0.563
Montenegro                       -0.780    -0.150  0.835   0.653  -0.163  -0.585     0.657   -0.778 -0.343
Morocco                          -0.118    -0.325  -0.588 -0.161  -0.555  -0.644     0.331   -0.243 -0.553
Mozambique                        1.555    -0.351  -0.585 -0.029  -0.842  -0.013    -1.805   1.725  -0.684
Myanmar                           0.648    -1.496  -1.764 -1.934  -0.696  -0.070    -0.422   -0.355 -0.653
Namibia                           0.440     0.244  -0.013  0.570  -0.450  -0.399    -1.344   0.431  -0.424
Nepal                             0.216    -1.150  -0.570 -0.433  -0.786   0.692    -0.254   -0.223 -0.675
Netherlands                      -0.837     1.127  1.851   0.690  1.471   -0.656     1.141   -0.765 2.037 
New Zealand                      -0.795    -0.394  1.196  -0.780  0.786   -0.383     1.163   -0.514 1.131 
Niger                             2.101    -0.690  -0.603  0.091  -0.847  -0.495    -1.322   3.000  -0.688
Nigeria                           2.275    -0.577  -0.636 -1.218  -0.622   9.102    -1.131   1.910  -0.580
Norway                           -0.870    -0.051  0.970  -0.760  2.342   -0.173     1.174   -0.659 4.083 
Oman                             -0.659     0.897  -1.473 -0.235  1.460    0.740     0.623   -0.032 0.346 
Pakistan                          1.335    -1.007  -1.680 -1.136  -0.667   0.295    -0.591   0.596  -0.651
Panama                           -0.460     1.054  0.468   1.293  -0.091  -0.491     0.815   -0.217 -0.266
Paraguay                         -0.351     0.510  -0.344  0.190  -0.511  -0.159     0.399   -0.144 -0.531
Peru                             -0.446    -0.486  -0.632 -0.954  -0.373  -0.196     0.826   -0.269 -0.433
Philippines                      -0.158    -0.230  -1.167 -0.425  -0.599  -0.337    -0.175   0.140  -0.591
Poland                           -0.800    -0.037  0.235  -0.198  0.241   -0.579     0.646   -1.016 -0.020
Portugal                         -0.852    -0.409  1.523  -0.392  0.522   -0.675     1.039   -1.029 0.520 
Qatar                            -0.726     0.773  -1.822 -0.954  5.595   -0.076     1.006   -0.580 3.128 
Romania                          -0.664    -0.310  -0.450 -0.334  0.034   -0.402     0.354   -0.897 -0.258
Russia                           -0.701    -0.434  -0.632 -1.065  0.309    0.607    -0.152   -0.910 -0.124
Rwanda                            0.628    -1.062  1.341  -0.698  -0.819  -0.489    -0.670   1.032  -0.677
Samoa                            -0.480    -0.434  -0.126  0.257  -0.609  -0.573     0.106   0.920  -0.519
Saudi Arabia                     -0.560     0.310  -0.919 -0.574  1.466    0.891     0.511   0.008  0.346 
Senegal                           0.707    -0.591  -0.421 -0.272  -0.776  -0.561    -0.737   1.395  -0.653
Serbia                           -0.760    -0.299  1.305   0.042  -0.231  -0.180     0.466   -1.023 -0.412
Seychelles                       -0.592     1.922  -1.243  2.524  0.169   -1.134     0.320   -0.514 -0.118
Sierra Leone                      3.018    -0.887  2.288  -0.512  -0.826   0.891    -1.749   1.488  -0.686
Singapore                        -0.880     5.796  -1.040  5.250  2.851   -0.741     1.366   -1.188 1.835 
Slovak Republic                  -0.775     1.284  0.719   1.277  0.418   -0.690     0.556   -1.003 0.198 
Slovenia                         -0.870     0.846  0.944   0.661  0.599   -0.830     1.006   -0.910 0.569 
Solomon Islands                  -0.252     0.299  0.631   1.417  -0.797  -0.092    -0.996   0.853  -0.637
South Africa                      0.383    -0.456  0.773  -0.805  -0.267  -0.135    -1.828   -0.236 -0.310
South Korea                      -0.847     0.302  0.042  -0.029  0.688   -0.437     1.073   -1.135 0.498 
Spain                            -0.855    -0.569  0.992  -0.830  0.797   -0.721     1.276   -1.042 0.968 
Sri Lanka                        -0.671    -0.785  -1.411 -0.830  -0.445   1.421     0.432   -0.494 -0.554
St. Vincent and the Grenadines   -0.436    -0.518  -0.854  0.422  -0.375  -0.316     0.117   -0.580 -0.367
Sudan                             0.953    -0.781  -0.180 -1.226  -0.715   1.118    -0.479   1.276  -0.627
Suriname                         -0.351     0.416  0.071  -0.351  -0.153  -0.055    -0.029   -0.283 -0.254
Sweden                           -0.875     0.186  1.025  -0.256  1.336   -0.642     1.231   -0.639 2.135 
Switzerland                      -0.837     0.835  1.705   0.265  1.990   -0.706     1.309   -0.943 3.363 
Tajikistan                        0.350    -0.956  -0.304  0.484  -0.780   0.446    -0.107   0.371  -0.667
Tanzania                          0.834    -0.817  -0.293 -0.735  -0.781   0.139    -1.266   1.640  -0.669
Thailand                         -0.579     0.926  -1.069  0.575  -0.189  -0.350     0.680   -0.923 -0.430
Timor-Leste                       0.603    -1.419  0.839  -0.789  -0.793   1.771     0.061   2.168  -0.511
Togo                              1.290    -0.033  0.304   0.430  -0.827  -0.625    -1.333   1.270  -0.681
Tonga                            -0.517    -1.047  -0.636  0.554  -0.631  -0.388    -0.074   0.635  -0.514
Tunisia                          -0.517     0.343  -0.221  0.347  -0.350  -0.375     0.713   -0.534 -0.481
Turkey                           -0.475    -0.755  -0.028 -0.884  0.044   -0.073     0.860   -0.527 -0.124
Turkmenistan                      0.588     1.284  -1.571 -0.099  -0.374  -0.518    -0.299   -0.078 -0.465
Uganda                            1.060    -0.876  0.799  -0.755  -0.809   0.267    -1.547   2.115  -0.675
Ukraine                          -0.659     0.219  0.329   0.174  -0.484   0.531    -0.018   -0.996 -0.545
United Arab Emirates             -0.736     1.335  -1.149  0.690  2.099    0.446     0.668   -0.712 1.202 
United Kingdom                   -0.820    -0.471  1.028  -0.665  0.988   -0.588     1.096   -0.679 1.415 
United States                    -0.768    -1.047  4.035  -1.284  1.673   -0.621     0.916   -0.672 1.933 
Uruguay                          -0.686    -0.540  0.559  -0.888  -0.002  -0.272     0.657   -0.573 -0.058
Uzbekistan                       -0.049    -0.343  -0.366 -0.760  -0.669   0.825    -0.197   -0.402 -0.632
Vanuatu                          -0.225     0.200  -0.570  0.240  -0.736  -0.488    -0.850   0.365  -0.545
Venezuela                        -0.525    -0.460  -0.694 -1.210  -0.033   3.606     0.545   -0.316 0.029 
Vietnam                          -0.371     1.127  0.009   1.376  -0.656   0.409     0.286   -0.659 -0.636
Yemen                             0.447    -0.405  -0.595 -0.516  -0.657   1.496    -0.344   1.138  -0.636
Zambia                            1.112    -0.150  -0.337 -0.660  -0.719   0.588    -2.087   1.620  -0.628
----------------------------------------------------------------------------------------------------------
